10 37 40 43 62 72 75 102 
111 115 131 164 208 281 315 
321 331 355 368 377 379 392 416 
419 434 435 477 487 499 501 586 
594 598 618 621 637 677 692 702 
799 808 809 828 896 901 908 941 1035 1065 
1083 1085 1112 1124 1141 1170 1171
1175 1178 1188 1917 1198 1219 1270 
1285 1292 1293 1308
10 41 62 72 95 102 132 136 140 144 154 157 
158 164 172 198 242 247 250 280 331 345 347 
376 379 430 460 472 477 481 487 501 506 
546 547 561 564 571 586 593 635 639 642 646 
665 668 757 760 776 783 799 805 808 818 823 
833 862 871 879 887 896 950 963 985 1000 1072 
1030 1037 1044 1055 1066 1076 1104 1112 1124 1129 
1170 1171 1179 1188 1179 1217 1231 1276 1278 1281 1287 1300
10 98 157 158 407 472 477 487 534 586 593 665 1769 833 
862 888 890 1207 1044 1104 1171 1311
10 57 72 92 98 136 157 158 164 210 247 355 377 407 472 
477 481 487 505 546 586 593 642 653 657 665 702 794 799 
862 896 1027 1034 1058 1072 
1104 1159 1171 1186 1917 1231 1239 1270 1281
10 35 68 98 111 216 233 370 422 439 487 551 554 586 
612 627 629 687 724 796 799 803 804 888 937 1062 
1066 1072 1126 1142 1171 1188 1195 1179 1211 1221 1233
2 10 68 72 98 111 160 164 259 362 369 450 
477 487 496 519 520 527 528 551 561 
566 569 573 586 601 612 616 642 646 665 732 
769 794 799 803 804 813 815 831 864 896 937 949 
958 981 1062 1071 1072 1162 1169 1170 1171 1181 
1188 1191 1196 117 1211 1221 1252 1286 1293 1311
1 2 3 4 5 8 9 10 40 72 82 98 102 111 157 
158 159 164 170 255 261 362 363 373 376 377 387 388 437 462 
477 506 546 556 586 597 601 604 609 615 634 642 648 651 
654 656 657 661 665 690 694 701 724 747 785 786 798 799 801 
816 838 841 869 873 913 939 969 992 1001 1003 1056 1082 1087 
1089 1091 1110 1114 1129 1138 1161 1170 1171 1186 1192
1212 1222 1224 1227 1248 1264 1266 
1270 1276 1280 1281 1293 1296 1297 1306 1317
10 30 40 62 72 81 102 111 121 129 131 132 144 157 
158 231 271 273 286 314 339 349 353 367 370 376 
377 387 388 472 499 506 510 556 565 566 586 637 
642 646 665 668 729 785 794 799 801 862 869 894 933 947 966 976 992 1001 1003 
1005 1014 1075 1124 1129 1166 1170 
1171 1186 1192 197 1212 1222 1230 1231 
1258 1289 1292 1293 1297 1315
1 2 5 6 7 8 10 44 47 56 58 61 62 72 74 94 102 111 
132 140 144 157 164 181 201 209 212 250 255 295 324 341 
347 358 364 376 377 378 387 390 457 472 477 487 499 505 508 515 528 
532 537 571 586 587 593 610 611 616 629 635 637 642 646 657 665 668 
671 694 697 698 699 701 702 726 729 
755 778 785 786 794 797 799 801 805 819 862 870 925 929 
933 992 1027 1058 1059 1087 1092 1095 1123 1142 1144 1159 1169 
1170 1171 1183 1188 1179 1212 1216 1224 
1227 1231 1239 1250 1257 1285 1293 1306 1311 1317
10 62 67 72 111 136 144 258 270 329 
449 487 503 506 546 580 642 
646 697 701 702 785 799 
890 891 966 967 1037 1170 1171 1175 1178 1223
10 15 37 62 72 77 98 111 123 140 144 176 191 
218 331 377 435 501 520 534 
535 586 607 615 623 624 642 
647 657 716 724 737 796 799 801 803 
848 876 886 890 891 897 906 980 
1041 1042 1072 1096 1113 1124 1130 
1155 1171 1175 1179 1183 1917 1230 1269 1298 1311
10 38 39 48 69 72 77 98 102 121 157 
206 226 246 313 345 347 435 453 454 465 476 506 
512 551 563 564 586 613 629 642 665 691 
733 743 799 803 888 897 980 982 1075 
1086 1099 1119 1120 1121 1125 1133 1134 1171 1172 
1181 1183 197 1199 1206 1237 1248 1292
10 35 63 72 85 111 132 154 160 164 166 172 
225 250 317 332 345 407 451 487 488 506 534 553 554 570 586 
642 644 646 659 664 670 692 702 728 732 744 
783 799 801 862 896 967 
986 1005 1020 1037 1042 1043 
1070 1074 1117 1118 1120 1162 
1170 1171 1178 1186 1188 1237 1238 
1305 1308 1310 1311
10 35 38 43 47 48 50 55 57 60 62 72 86 89 98 102 106 111 121 
129 132 136 141 144 163 164 169 172 187 199 
211 214 220 297 310 324 345 379 381 390 
407 411 420 430 432 445 
467 476 481 483 487 489 493 499 522 528 
546 549 563 564 579 584 585 586 592 
607 620 623 632 642 646 655 660 693 694 700 701 702 
724 732 734 739 743 744 747 749 763 764 767 773 775 785 786 799 
801 805 813 815 817 831 850 854 865 
875 876 890 897 898 901 904 909 912 936 940 954 975 980 984 1011 1024 
1037 1047 1072 1105 1128 1129 1130 1142 1149 1160 1166 1170 1171 1173 1174 
1177 1178 1181 1183 1184 1186 1188 
1192 1193 917 1199 1201 1235 1246 1249 1252 1255 1270 
1278 1289 1292 1296 1297 1299 1308 1310 1311 1315 1324
10 24 62 67 72 83 92 96 98 106 120 136 141 161 164 229 276 332 345 406 437 
467 483 487 491 494 506 516 528 546 586 594 
609 617 642 646 684 722 732 743 749 788 799 801 808 821 823 862 
888 890 896 928 954 1023 1037 1074 
1100 1170 1171 1178 1188 1189 1194 917 1231 1257 1270
10 44 62 67 70 72 79 85 102 
105 144 157 158 
164 182 202 215 218 221 298 407 409 411 425 436 468 477 479 487 
505 509 520 528 532 586 590 593 600 631 642 657 665 666 717 725 728 
744 778 799 864 890 966 971 973 978 994 1005 1019 1207 1034 1037 
1107 1112 1162 1170 1171 1172 1194 97 1208 1210 1227 1258 1276 1311
10 62 72 84 85 87 98 108 121 126 132 135 139 153 157 158 164 172 
176 178 210 218 241 286 332 375 382 407 412 413 434 435 444 477 
478 487 491 499 520 571 586 593 631 646 665 666 717 735 737 
760 799 801 815 829 958 1023 1035 1081 1124 1129 1133 1170 
1171 1188 119 1208 1209 1210 1227 1267 1276 1283 1285